0.0 400.0
1.0 400.00092
2.0 400.0029
3.0 400.00613
4.0 400.01074
5.0 400.0168
6.0 400.02432
7.0 400.03326
8.0 400.04364
9.0 400.05545
10.0 400.06876
11.0 400.08362
12.0 400.1001
13.0 400.11835
14.0 400.13852
15.0 400.16083
16.0 400.18546
17.0 400.2125
18.0 400.2419
19.0 400.27365
20.0 400.30753
21.0 400.34344
22.0 400.38132
23.0 400.42108
24.0 400.46277
25.0 400.50644
26.0 400.55212
27.0 400.59967
28.0 400.64896
29.0 400.69983
30.0 400.75226
31.0 400.80634
32.0 400.86227
33.0 400.92035
34.0 400.9808
35.0 401.04388
36.0 401.10977
37.0 401.17853
38.0 401.25015
39.0 401.32452
40.0 401.40143
41.0 401.48056
42.0 401.5616
43.0 401.6443
44.0 401.72824
45.0 401.81314
46.0 401.89862
47.0 401.98428
48.0 402.0698
49.0 402.15485
50.0 402.23923
51.0 402.32288
52.0 402.406
53.0 402.48895
54.0 402.57217
55.0 402.65613
56.0 402.7413
57.0 402.82806
58.0 402.91675
59.0 403.00763
60.0 403.1009
61.0 403.19672
62.0 403.29523
63.0 403.39655
64.0 403.50076
65.0 403.6079
66.0 403.71796
67.0 403.83078
68.0 403.94617
69.0 404.06375
70.0 404.18317
71.0 404.30392
72.0 404.4256
73.0 404.54782
74.0 404.67035
75.0 404.79306
76.0 404.91602
77.0 405.03943
78.0 405.1636
79.0 405.2889
80.0 405.41565
81.0 405.54404
82.0 405.67416
83.0 405.80606
84.0 405.93967
85.0 406.0749
86.0 406.21164
87.0 406.34988
88.0 406.48965
89.0 406.63107
90.0 406.77438
91.0 406.9199
92.0 407.06793
93.0 407.21884
94.0 407.3729
95.0 407.5302
96.0 407.69083
97.0 407.85468
98.0 408.02167
99.0 408.1918
100.0 408.3652
101.0 408.54208
102.0 408.72272
103.0 408.90747
104.0 409.09665
105.0 409.29056
106.0 409.48935
107.0 409.69315
108.0 409.90222
109.0 410.11685
110.0 410.3373
111.0 410.5638
112.0 410.79645
113.0 411.03513
114.0 411.2796
115.0 411.52948
116.0 411.78424
117.0 412.04324
118.0 412.3058
119.0 412.57117
120.0 412.83856
121.0 413.1072
122.0 413.37634
123.0 413.6453
124.0 413.91354
125.0 414.1807
126.0 414.44635
127.0 414.7101
128.0 414.97156
129.0 415.23022
130.0 415.48575
131.0 415.73782
132.0 415.9862
133.0 416.23077
134.0 416.47147
135.0 416.70825
136.0 416.94113
137.0 417.1701
138.0 417.3952
139.0 417.6164
140.0 417.83365
141.0 418.04697
142.0 418.25632
143.0 418.46176
144.0 418.66333
145.0 418.86093
146.0 419.05435
147.0 419.2433
148.0 419.42746
149.0 419.60666
150.0 419.78076
151.0 419.94986
152.0 420.1142
153.0 420.27414
154.0 420.43008
155.0 420.58234
156.0 420.73108
157.0 420.87628
158.0 421.01782
159.0 421.1555
160.0 421.28903
161.0 421.4182
162.0 421.54294
163.0 421.66318
164.0 421.779
165.0 421.89044
166.0 421.9977
167.0 422.10098
168.0 422.20047
169.0 422.29648
170.0 422.38947
171.0 422.48004
172.0 422.56897
173.0 422.65695
174.0 422.74463
175.0 422.83255
176.0 422.92117
177.0 423.01093
178.0 423.10214
179.0 423.1952
180.0 423.29044
181.0 423.3882
182.0 423.48877
183.0 423.5922
184.0 423.69833
185.0 423.807
186.0 423.918
187.0 424.03125
188.0 424.14676
189.0 424.2647
190.0 424.38538
191.0 424.50906
192.0 424.6361
193.0 424.76672
194.0 424.901
195.0 425.03897
196.0 425.18066
197.0 425.3261
198.0 425.47525
199.0 425.62802
200.0 425.7842
201.0 425.9435
202.0 426.10553
203.0 426.26974
204.0 426.43555
205.0 426.60233
206.0 426.76953
207.0 426.9367
208.0 427.10352
209.0 427.26978
210.0 427.43527
211.0 427.59985
212.0 427.76334
213.0 427.9255
214.0 428.08615
215.0 428.24506
216.0 428.4021
217.0 428.55716
218.0 428.7101
219.0 428.86084
220.0 429.00897
221.0 429.15405
222.0 429.2955
223.0 429.43265
224.0 429.56494
225.0 429.69183
226.0 429.81305
227.0 429.92853
228.0 430.03833
229.0 430.14255
230.0 430.2412
231.0 430.3342
232.0 430.42126
233.0 430.50214
234.0 430.57654
235.0 430.64426
236.0 430.7051
237.0 430.75903
238.0 430.80597
239.0 430.8457
240.0 430.8779
241.0 430.9022
242.0 430.91824
243.0 430.92587
244.0 430.92514
245.0 430.91623
246.0 430.8995
247.0 430.87537
248.0 430.84427
249.0 430.8066
250.0 430.76276
251.0 430.71292
252.0 430.65726
253.0 430.5959
254.0 430.52893
255.0 430.4566
256.0 430.37915
257.0 430.29697
258.0 430.21063
259.0 430.12085
260.0 430.02835
261.0 429.93372
262.0 429.8374
263.0 429.73962
264.0 429.6405
265.0 429.53998
266.0 429.43802
267.0 429.33447
268.0 429.22922
269.0 429.12213
270.0 429.013
271.0 428.9015
272.0 428.7872
273.0 428.6698
274.0 428.54904
275.0 428.4249
276.0 428.29736
277.0 428.16647
278.0 428.03223
279.0 427.89462
280.0 427.7536
281.0 427.6091
282.0 427.46106
283.0 427.3095
284.0 427.1545
285.0 426.9962
286.0 426.83463
287.0 426.6699
288.0 426.50198
289.0 426.33075
290.0 426.156
291.0 425.9775
292.0 425.79504
293.0 425.60846
294.0 425.41772
295.0 425.22278
296.0 425.02356
297.0 424.82
298.0 424.61206
299.0 424.39966
300.0 424.1828
301.0 423.9616
302.0 423.73648
303.0 423.50797
304.0 423.27673
305.0 423.04337
306.0 422.80832
307.0 422.57193
308.0 422.33435
309.0 422.0956
310.0 421.85565
311.0 421.61438
312.0 421.37177
313.0 421.12778
314.0 420.8826
315.0 420.6365
316.0 420.3899
317.0 420.14307
318.0 419.89627
319.0 419.64957
320.0 419.403
321.0 419.1567
322.0 418.9107
323.0 418.66507
324.0 418.41983
325.0 418.17496
326.0 417.93033
327.0 417.68573
328.0 417.44092
329.0 417.1956
330.0 416.94943
331.0 416.70224
332.0 416.45377
333.0 416.20377
334.0 415.95203
335.0 415.69833
336.0 415.44254
337.0 415.18454
338.0 414.92435
339.0 414.66196
340.0 414.39743
341.0 414.13083
342.0 413.86227
343.0 413.59192
344.0 413.31998
345.0 413.04675
346.0 412.77258
347.0 412.49786
348.0 412.223
349.0 411.9484
350.0 411.6744
351.0 411.40146
352.0 411.12988
353.0 410.86005
354.0 410.59235
355.0 410.32724
356.0 410.06525
357.0 409.8069
358.0 409.55276
359.0 409.30347
360.0 409.05954
361.0 408.82153
362.0 408.5898
363.0 408.36465
364.0 408.14633
365.0 407.93512
366.0 407.7313
367.0 407.53506
368.0 407.3466
369.0 407.16586
370.0 406.99277
371.0 406.82697
372.0 406.66803
373.0 406.5155
374.0 406.36905
375.0 406.22852
376.0 406.0939
377.0 405.96533
378.0 405.84293
379.0 405.72684
380.0 405.61716
381.0 405.5138
382.0 405.41653
383.0 405.325
384.0 405.23883
385.0 405.1576
386.0 405.08096
387.0 405.00876
388.0 404.94098
389.0 404.87772
390.0 404.81906
391.0 404.76514
392.0 404.716
393.0 404.67163
394.0 404.63193
395.0 404.59686
396.0 404.56653
397.0 404.54114
398.0 404.5209
399.0 404.50598
400.0 404.49643
401.0 404.49225
402.0 404.49335
403.0 404.49966
404.0 404.5111
405.0 404.5277
406.0 404.54956
407.0 404.5768
408.0 404.60956
409.0 404.64792
410.0 404.6919
411.0 404.7415
412.0 404.79663
413.0 404.8572
414.0 404.92307
415.0 404.99396
416.0 405.06964
417.0 405.14978
418.0 405.23413
419.0 405.32242
420.0 405.41443
421.0 405.50998
422.0 405.60892
423.0 405.71118
424.0 405.81683
425.0 405.926
426.0 406.03885
427.0 406.1556
428.0 406.2765
429.0 406.4017
430.0 406.5315
431.0 406.66605
432.0 406.80563
433.0 406.95056
434.0 407.10123
435.0 407.25797
436.0 407.42108
437.0 407.5907
438.0 407.76685
439.0 407.9495
440.0 408.13858
441.0 408.334
442.0 408.53568
443.0 408.74344
444.0 408.9572
445.0 409.17694
446.0 409.4026
447.0 409.63416
448.0 409.8716
449.0 410.11487
450.0 410.36377
451.0 410.6181
452.0 410.87756
453.0 411.14188
454.0 411.41077
455.0 411.684
456.0 411.96143
457.0 412.24295
458.0 412.52844
459.0 412.81778
460.0 413.11078
461.0 413.40726
462.0 413.7069
463.0 414.0095
464.0 414.31467
465.0 414.62204
466.0 414.93127
467.0 415.24194
468.0 415.55374
469.0 415.86642
470.0 416.1799
471.0 416.49417
472.0 416.8093
473.0 417.1253
474.0 417.4422
475.0 417.7598
476.0 418.07782
477.0 418.3959
478.0 418.71368
479.0 419.03082
480.0 419.34702
481.0 419.66208
482.0 419.9759
483.0 420.2884
484.0 420.59955
485.0 420.90936
486.0 421.21783
487.0 421.52493
488.0 421.8307
489.0 422.1351
490.0 422.43814
491.0 422.7398
492.0 423.04
493.0 423.3386
494.0 423.63535
495.0 423.9299
496.0 424.22177
497.0 424.5104
498.0 424.79535
499.0 425.0762
500.0 425.35287
501.0 425.62543
502.0 425.89407
503.0 426.1591
504.0 426.42075
505.0 426.67935
506.0 426.93515
507.0 427.18832
508.0 427.43906
509.0 427.68744
510.0 427.9336
511.0 428.17767
512.0 428.41998
513.0 428.66083
514.0 428.90048
515.0 429.13928
516.0 429.37756
517.0 429.61578
518.0 429.85443
519.0 430.0941
520.0 430.33548
521.0 430.57938
522.0 430.82675
523.0 431.07843
524.0 431.33524
525.0 431.59796
526.0 431.86734
527.0 432.1442
528.0 432.4293
529.0 432.72333
530.0 433.02686
531.0 433.3403
532.0 433.66388
533.0 433.9977
534.0 434.3418
535.0 434.69614
536.0 435.06073
537.0 435.43558
538.0 435.82074
539.0 436.21613
540.0 436.62158
541.0 437.03687
542.0 437.46167
543.0 437.89572
544.0 438.3388
545.0 438.7907
546.0 439.25122
547.0 439.72006
548.0 440.19693
549.0 440.6814
550.0 441.17282
551.0 441.67053
552.0 442.17368
553.0 442.6815
554.0 443.19315
555.0 443.7079
556.0 444.225
557.0 444.7439
558.0 445.26416
559.0 445.78555
560.0 446.30792
561.0 446.83118
562.0 447.35516
563.0 447.87967
564.0 448.4044
565.0 448.92886
566.0 449.45264
567.0 449.97522
568.0 450.49625
569.0 451.01547
570.0 451.53256
571.0 452.04703
572.0 452.5584
573.0 453.06628
574.0 453.57037
575.0 454.07062
576.0 454.56735
577.0 455.06125
578.0 455.5533
579.0 456.04465
580.0 456.53625
581.0 457.02893
582.0 457.52325
583.0 458.01962
584.0 458.51834
585.0 459.0196
586.0 459.5235
587.0 460.0301
588.0 460.53934
589.0 461.05103
590.0 461.56485
591.0 462.0804
592.0 462.59735
593.0 463.11545
594.0 463.63464
595.0 464.15515
596.0 464.6774
597.0 465.20197
598.0 465.72943
599.0 466.26022
600.0 466.79456
601.0 467.3323
602.0 467.87302
603.0 468.41605
604.0 468.9606
605.0 469.50598
606.0 470.05173
607.0 470.59763
608.0 471.14374
609.0 471.6904
610.0 472.238
611.0 472.78693
612.0 473.33737
613.0 473.88943
614.0 474.44305
615.0 474.99805
616.0 475.55435
617.0 476.11197
618.0 476.67123
619.0 477.2327
620.0 477.79715
621.0 478.36548
622.0 478.93857
623.0 479.5173
624.0 480.10226
625.0 480.69382
626.0 481.29205
627.0 481.89688
628.0 482.50803
629.0 483.1251
630.0 483.74768
631.0 484.37537
632.0 485.0078
633.0 485.64474
634.0 486.28595
635.0 486.93127
636.0 487.58066
637.0 488.2341
638.0 488.89157
639.0 489.55313
640.0 490.2188
641.0 490.88864
642.0 491.56262
643.0 492.2407
644.0 492.92276
645.0 493.60855
646.0 494.2976
647.0 494.98938
648.0 495.68326
649.0 496.37872
650.0 497.07538
651.0 497.77295
652.0 498.47134
653.0 499.17053
654.0 499.87045
655.0 500.57092
656.0 501.27164
657.0 501.97208
658.0 502.6714
659.0 503.36868
660.0 504.06305
661.0 504.75375
662.0 505.4403
663.0 506.1225
664.0 506.80045
665.0 507.4745
666.0 508.14508
667.0 508.81284
668.0 509.4784
669.0 510.14246
670.0 510.80563
671.0 511.46844
672.0 512.1313
673.0 512.7945
674.0 513.4583
675.0 514.1229
676.0 514.78845
677.0 515.4551
678.0 516.12305
679.0 516.79236
680.0 517.46295
681.0 518.1346
682.0 518.80695
683.0 519.47974
684.0 520.1529
685.0 520.8265
686.0 521.5005
687.0 522.175
688.0 522.85
689.0 523.52527
690.0 524.2006
691.0 524.8758
692.0 525.55066
693.0 526.2253
694.0 526.8998
695.0 527.57446
696.0 528.2493
697.0 528.92444
698.0 529.5997
699.0 530.2747
700.0 530.9493
701.0 531.62286
702.0 532.295
703.0 532.9651
704.0 533.6326
705.0 534.2972
706.0 534.95825
707.0 535.6155
708.0 536.26874
709.0 536.91797
710.0 537.56323
711.0 538.20465
712.0 538.8423
713.0 539.4762
714.0 540.1063
715.0 540.7326
716.0 541.35504
717.0 541.97345
718.0 542.58777
719.0 543.1979
720.0 543.8036
721.0 544.40466
722.0 545.00085
723.0 545.5921
724.0 546.1784
725.0 546.76
726.0 547.3374
727.0 547.9111
728.0 548.48145
729.0 549.0489
730.0 549.61383
731.0 550.1765
732.0 550.7372
733.0 551.2962
734.0 551.854
735.0 552.4111
736.0 552.9677
737.0 553.5241
738.0 554.08026
739.0 554.636
740.0 555.19086
741.0 555.74445
742.0 556.29626
743.0 556.8459
744.0 557.3931
745.0 557.9376
746.0 558.4791
747.0 559.0173
748.0 559.55176
749.0 560.08234
750.0 560.6089
751.0 561.1315
752.0 561.6504
753.0 562.166
754.0 562.6788
755.0 563.1891
756.0 563.6971
757.0 564.2029
758.0 564.7065
759.0 565.2079
760.0 565.7071
761.0 566.20416
762.0 566.69916
763.0 567.1922
764.0 567.68353
765.0 568.17334
766.0 568.66187
767.0 569.1494
768.0 569.63635
769.0 570.12317
770.0 570.6103
771.0 571.09845
772.0 571.58826
773.0 572.0803
774.0 572.5753
775.0 573.0738
776.0 573.5761
777.0 574.08264
778.0 574.5936
779.0 575.1094
780.0 575.6302
781.0 576.1564
782.0 576.6883
783.0 577.2265
784.0 577.77155
785.0 578.324
786.0 578.8843
787.0 579.4527
788.0 580.02936
789.0 580.6142
790.0 581.2072
791.0 581.8084
792.0 582.4177
793.0 583.0353
794.0 583.66125
795.0 584.2959
796.0 584.9395
797.0 585.5924
798.0 586.2549
799.0 586.92725